0.1 0.12 0.15 0.03 0.04 0.01 0.53 0 0 0.02 0 0 0 0 0.01 0.02 0.01 0 0.07 0.07 0.02 0.8
0.11 0.12 0.15 0.03 0.04 0.01 0.53 0 0 0.02 0.01 0.01 0.01 0.01 0.06 0.07 0.04 0.16 0.03 0.1 0.4 0.1
0.1 0.14 0.14 0.03 0.03 0.02 0.53 0 0 0.02 0.08 0.07 0.01 0 0.05 0.16 0.05 0.16 0.03 0.03 0.35 0.01
0.49 0.08 0.01 0.01 0.01 0.01 0.29 0.03 0.02 0.05 0.01 0.05 0.02 0.16 0.01 0.06 0.04 0.43 0 0 0.22 0
0.36 0.07 0.03 0.02 0.01 0.01 0.42 0.04 0.02 0.03 0 0.06 0.15 0.01 0 0.1 0.1 0.36 0 0.05 0.16 0
0.09 0.14 0.32 0.11 0.02 0.02 0.29 0 0 0 0 0.13 0.1 0.01 0.01 0.26 0.25 0.06 0.04 0.03 0.08 0.01
0 0 0 0 0 0.92 0.08 0 0 0 0 0 0 0.09 0 0 0.04 0.1 0.02 0.12 0.19 0.44
0 0 0 0.05 0.95 0 0 0 0 0 0 0 0 0.09 0 0 0.04 0.1 0.02 0.12 0.19 0.44
0.01 0.99 0 0 0 0 0 0 0 0 0 0 0 0.09 0 0 0.04 0.1 0.02 0.12 0.19 0.44
0.32 0 0 0 0 0 0 0.02 0.01 0.65 0 0 0 0 0 0 0 0 0.05 0.42 0 0.54
0.94 0.04 0 0 0 0 0 0 0 0.02 0 0 0 0 0 0.1 0.15 0.04 0.02 0.29 0.33 0.07
0.81 0.03 0.01 0.01 0.06 0.04 0 0 0 0.04 0 0 0.01 0.18 0 0.01 0.03 0.03 0.02 0.11 0.07 0.54
0.1 0.01 0 0 0 0 0.01 0.1 0.26 0.52 0 0 0 0 0.01 0 0 0 0.33 0.16 0 0.5
0.1 0.01 0 0 0 0 0 0.11 0.25 0.53 0 0 0 0 0.03 0.06 0.22 0 0.1 0.15 0.33 0.11
0.06 0 0 0 0 0 0 0.1 0.27 0.55 0 0 0 0.31 0.03 0.02 0.22 0.2 0.08 0.03 0.01 0.1